<!DOCTYPE html>
<html>
<head>
    
    <meta http-equiv="content-type" content="text/html; charset=UTF-8" />
    <script src="https://cdn.jsdelivr.net/npm/leaflet@1.9.3/dist/leaflet.js"></script>
    <script src="https://code.jquery.com/jquery-3.7.1.min.js"></script>
    <script src="https://cdn.jsdelivr.net/npm/bootstrap@5.2.2/dist/js/bootstrap.bundle.min.js"></script>
    <script src="https://cdnjs.cloudflare.com/ajax/libs/Leaflet.awesome-markers/2.0.2/leaflet.awesome-markers.js"></script>
    <link rel="stylesheet" href="https://cdn.jsdelivr.net/npm/leaflet@1.9.3/dist/leaflet.css"/>
    <link rel="stylesheet" href="https://cdn.jsdelivr.net/npm/bootstrap@5.2.2/dist/css/bootstrap.min.css"/>
    <link rel="stylesheet" href="https://netdna.bootstrapcdn.com/bootstrap/3.0.0/css/bootstrap-glyphicons.css"/>
    <link rel="stylesheet" href="https://cdn.jsdelivr.net/npm/@fortawesome/fontawesome-free@6.2.0/css/all.min.css"/>
    <link rel="stylesheet" href="https://cdnjs.cloudflare.com/ajax/libs/Leaflet.awesome-markers/2.0.2/leaflet.awesome-markers.css"/>
    <link rel="stylesheet" href="https://cdn.jsdelivr.net/gh/python-visualization/folium/folium/templates/leaflet.awesome.rotate.min.css"/>
    
            <meta name="viewport" content="width=device-width,
                initial-scale=1.0, maximum-scale=1.0, user-scalable=no" />
            <style>
                #map_b05af57abf12b08dc03603a15967dfae {
                    position: relative;
                    width: 100.0%;
                    height: 100.0%;
                    left: 0.0%;
                    top: 0.0%;
                }
                .leaflet-container { font-size: 1rem; }
            </style>

            <style>html, body {
                width: 100%;
                height: 100%;
                margin: 0;
                padding: 0;
            }
            </style>

            <style>#map {
                position:absolute;
                top:0;
                bottom:0;
                right:0;
                left:0;
                }
            </style>

            <script>
                L_NO_TOUCH = false;
                L_DISABLE_3D = false;
            </script>

        
    <script src="https://cdn.jsdelivr.net/gh/python-visualization/folium@main/folium/templates/leaflet_heat.min.js"></script>
</head>
<body>
    
    
            <div class="folium-map" id="map_b05af57abf12b08dc03603a15967dfae" ></div>
        
</body>
<script>
    
    
            var map_b05af57abf12b08dc03603a15967dfae = L.map(
                "map_b05af57abf12b08dc03603a15967dfae",
                {
                    center: [41.157199943515096, -8.617168532913317],
                    crs: L.CRS.EPSG3857,
                    ...{
  "zoom": 12,
  "zoomControl": true,
  "preferCanvas": false,
}

                }
            );

            

        
    
            var tile_layer_235bcbd4b62accbe28600c7bec108eab = L.tileLayer(
                "https://{s}.basemaps.cartocdn.com/light_all/{z}/{x}/{y}{r}.png",
                {
  "minZoom": 0,
  "maxZoom": 20,
  "maxNativeZoom": 20,
  "noWrap": false,
  "attribution": "\u0026copy; \u003ca href=\"https://www.openstreetmap.org/copyright\"\u003eOpenStreetMap\u003c/a\u003e contributors \u0026copy; \u003ca href=\"https://carto.com/attributions\"\u003eCARTO\u003c/a\u003e",
  "subdomains": "abcd",
  "detectRetina": false,
  "tms": false,
  "opacity": 1,
}

            );
        
    
            tile_layer_235bcbd4b62accbe28600c7bec108eab.addTo(map_b05af57abf12b08dc03603a15967dfae);
        
    
            var heat_map_f160da61dc0c9c20ea4aa5bfcffeb75a = L.heatLayer(
                [[41.124, -8.608, 0.6931471805599453], [41.125, -8.596, 0.6931471805599453], [41.126, -8.598, 0.6931471805599453], [41.127, -8.598, 0.6931471805599453], [41.136, -8.601, 0.6931471805599453], [41.141, -8.618, 0.6931471805599453], [41.141, -8.616, 0.6931471805599453], [41.141, -8.614, 0.6931471805599453], [41.142, -8.617, 0.6931471805599453], [41.143, -8.611, 0.6931471805599453], [41.143, -8.575, 0.6931471805599453], [41.145, -8.607, 1.0986122886681098], [41.145, -8.606, 1.791759469228055], [41.146, -8.631, 0.6931471805599453], [41.146, -8.618, 1.3862943611198906], [41.146, -8.613, 0.6931471805599453], [41.146, -8.611, 1.791759469228055], [41.146, -8.607, 1.0986122886681098], [41.146, -8.602, 0.6931471805599453], [41.146, -8.581, 0.6931471805599453], [41.147, -8.611, 0.6931471805599453], [41.147, -8.609, 1.6094379124341003], [41.147, -8.598, 0.6931471805599453], [41.147, -8.597, 0.6931471805599453], [41.148, -8.623, 0.6931471805599453], [41.148, -8.62, 1.791759469228055], [41.148, -8.609, 0.6931471805599453], [41.148, -8.608, 0.6931471805599453], [41.149, -8.664, 0.6931471805599453], [41.149, -8.631, 0.6931471805599453], [41.149, -8.612, 1.0986122886681098], [41.149, -8.611, 0.6931471805599453], [41.149, -8.609, 0.6931471805599453], [41.149, -8.599, 1.791759469228055], [41.149, -8.586, 1.791759469228055], [41.15, -8.661, 0.6931471805599453], [41.15, -8.66, 0.6931471805599453], [41.15, -8.621, 1.0986122886681098], [41.15, -8.607, 1.6094379124341003], [41.151, -8.648, 0.6931471805599453], [41.151, -8.623, 0.6931471805599453], [41.151, -8.614, 0.6931471805599453], [41.151, -8.61, 0.6931471805599453], [41.151, -8.609, 0.6931471805599453], [41.151, -8.606, 0.6931471805599453], [41.151, -8.598, 0.6931471805599453], [41.151, -8.597, 0.6931471805599453], [41.151, -8.593, 0.6931471805599453], [41.152, -8.652, 0.6931471805599453], [41.152, -8.627, 1.0986122886681098], [41.153, -8.66, 0.6931471805599453], [41.153, -8.651, 0.6931471805599453], [41.153, -8.61, 1.0986122886681098], [41.153, -8.609, 0.6931471805599453], [41.154, -8.674, 1.3862943611198906], [41.154, -8.65, 1.3862943611198906], [41.154, -8.649, 1.791759469228055], [41.154, -8.644, 0.6931471805599453], [41.154, -8.631, 0.6931471805599453], [41.154, -8.621, 0.6931471805599453], [41.154, -8.613, 1.3862943611198906], [41.154, -8.597, 0.6931471805599453], [41.155, -8.68, 0.6931471805599453], [41.155, -8.658, 0.6931471805599453], [41.155, -8.654, 0.6931471805599453], [41.155, -8.631, 1.0986122886681098], [41.155, -8.63, 0.6931471805599453], [41.156, -8.667, 0.6931471805599453], [41.156, -8.653, 0.6931471805599453], [41.156, -8.624, 0.6931471805599453], [41.156, -8.612, 0.6931471805599453], [41.156, -8.595, 0.6931471805599453], [41.156, -8.575, 0.6931471805599453], [41.157, -8.666, 0.6931471805599453], [41.157, -8.643, 0.6931471805599453], [41.157, -8.63, 1.0986122886681098], [41.157, -8.628, 1.0986122886681098], [41.157, -8.626, 0.6931471805599453], [41.157, -8.621, 0.6931471805599453], [41.157, -8.613, 0.6931471805599453], [41.157, -8.609, 0.6931471805599453], [41.157, -8.592, 0.6931471805599453], [41.157, -8.577, 0.6931471805599453], [41.158, -8.67, 0.6931471805599453], [41.158, -8.653, 0.6931471805599453], [41.158, -8.63, 1.3862943611198906], [41.158, -8.628, 1.791759469228055], [41.158, -8.624, 0.6931471805599453], [41.158, -8.623, 0.6931471805599453], [41.158, -8.61, 0.6931471805599453], [41.158, -8.602, 0.6931471805599453], [41.159, -8.682, 0.6931471805599453], [41.159, -8.65, 0.6931471805599453], [41.159, -8.644, 0.6931471805599453], [41.159, -8.593, 0.6931471805599453], [41.159, -8.58, 1.6094379124341003], [41.16, -8.641, 1.3862943611198906], [41.16, -8.64, 1.3862943611198906], [41.16, -8.634, 0.6931471805599453], [41.16, -8.626, 0.6931471805599453], [41.16, -8.61, 1.791759469228055], [41.161, -8.657, 0.6931471805599453], [41.161, -8.629, 1.791759469228055], [41.161, -8.628, 0.6931471805599453], [41.161, -8.621, 1.3862943611198906], [41.161, -8.616, 0.6931471805599453], [41.161, -8.605, 1.791759469228055], [41.161, -8.604, 1.0986122886681098], [41.161, -8.598, 0.6931471805599453], [41.161, -8.593, 0.6931471805599453], [41.161, -8.592, 0.6931471805599453], [41.162, -8.664, 0.6931471805599453], [41.162, -8.657, 0.6931471805599453], [41.162, -8.617, 0.6931471805599453], [41.162, -8.614, 0.6931471805599453], [41.162, -8.608, 0.6931471805599453], [41.163, -8.607, 0.6931471805599453], [41.163, -8.591, 0.6931471805599453], [41.163, -8.59, 0.6931471805599453], [41.163, -8.589, 1.0986122886681098], [41.164, -8.665, 0.6931471805599453], [41.164, -8.586, 0.6931471805599453], [41.164, -8.572, 0.6931471805599453], [41.165, -8.645, 0.6931471805599453], [41.165, -8.643, 0.6931471805599453], [41.165, -8.583, 1.3862943611198906], [41.166, -8.64, 0.6931471805599453], [41.166, -8.575, 0.6931471805599453], [41.166, -8.57, 1.3862943611198906], [41.167, -8.65, 1.6094379124341003], [41.167, -8.627, 0.6931471805599453], [41.167, -8.613, 1.6094379124341003], [41.167, -8.608, 0.6931471805599453], [41.167, -8.607, 0.6931471805599453], [41.168, -8.622, 0.6931471805599453], [41.169, -8.653, 0.6931471805599453], [41.169, -8.628, 0.6931471805599453], [41.169, -8.625, 0.6931471805599453], [41.169, -8.612, 0.6931471805599453], [41.17, -8.657, 0.6931471805599453], [41.17, -8.654, 0.6931471805599453], [41.17, -8.644, 0.6931471805599453], [41.17, -8.618, 0.6931471805599453], [41.17, -8.602, 0.6931471805599453], [41.17, -8.589, 1.791759469228055], [41.171, -8.666, 1.0986122886681098], [41.171, -8.638, 1.0986122886681098], [41.172, -8.66, 0.6931471805599453], [41.172, -8.637, 0.6931471805599453], [41.172, -8.613, 0.6931471805599453], [41.172, -8.611, 1.0986122886681098], [41.173, -8.588, 0.6931471805599453], [41.173, -8.587, 0.6931471805599453], [41.174, -8.655, 1.3862943611198906], [41.174, -8.651, 0.6931471805599453], [41.174, -8.617, 0.6931471805599453], [41.175, -8.654, 0.6931471805599453], [41.175, -8.628, 1.3862943611198906], [41.176, -8.666, 0.6931471805599453], [41.176, -8.647, 0.6931471805599453], [41.176, -8.645, 0.6931471805599453], [41.177, -8.664, 0.6931471805599453], [41.177, -8.61, 0.6931471805599453], [41.178, -8.65, 0.6931471805599453], [41.178, -8.585, 0.6931471805599453], [41.178, -8.571, 0.6931471805599453], [41.179, -8.616, 0.6931471805599453], [41.18, -8.691, 0.6931471805599453], [41.18, -8.614, 0.6931471805599453], [41.18, -8.604, 0.6931471805599453], [41.18, -8.603, 0.6931471805599453], [41.181, -8.613, 0.6931471805599453], [41.181, -8.609, 0.6931471805599453], [41.181, -8.583, 1.3862943611198906], [41.183, -8.604, 1.3862943611198906], [41.183, -8.6, 1.791759469228055], [41.218, -8.562, 0.6931471805599453], [41.231, -8.547, 0.6931471805599453]],
                {
  "minOpacity": 0.12,
  "maxZoom": 18,
  "radius": 18,
  "blur": 20,
  "gradient": {
  0.1: "blue",
  0.25: "cyan",
  0.45: "lime",
  0.65: "yellow",
  0.85: "orange",
  1.0: "red",
},
}
            );
        
    
            heat_map_f160da61dc0c9c20ea4aa5bfcffeb75a.addTo(map_b05af57abf12b08dc03603a15967dfae);
        
</script>
</html>
